16
158100
Computer Applications and the Information Age
15
572071
189956
427461
967458 
250827
187035
700574
-1
158120
Fundamentals of Information Technology
15
672905
511046
359442
989741
918247
999999
408034
-1
158212
Application Software Development
15
189956
427461 
967458 
250827 
187035
888888
-1
158222
Data Wrangling and Machine Learning
15
-1
158225
Systems Analysis and Modelling
15
285019
427873
791087
230284
-1
158235
Networks, Security and Privacy
15
477049
691366 
460417 
520342 
991724
-1
158244
System Management and Testing
15
572071
189956 
427461 
967458 
250827
-1
158247
Database Design
15
325676
174476 
360286 
741064
860780
190828
707038
271423
147130
573724
922339
410430
158797
227091
214049
406848
672905
511046
359442
-1
159102
Computer Science Fundamentals
15
918247
408034
296256
970290
803507
532239
-1
159103
Introduction to Games Programming and Simulation
15
189956
427461 
967458 
250827 
187035 
700574 
860479 
-1
159171
Computational Thinking and Software Development
15
271423
147130
573724
922339
410430
158797
227091
-1
159172
Computational Thinking and Algorithms
15
967458 
250827
187035 
700574 
860479 
391820 
325676 
174476 
-1
159201
Algorithms and Data Structures
15
-1
159202
Declarative Programming
15
410430
158797
227091
214049
406848
672905
511046
359442
989741
-1
159233
Computer Architecture
15
477049 
691366 
460417 
520342 
991724 
719723 
-1
159234
Object-Oriented Programming
15
271423
147130
573724
922339
410430
158797
227091
214049
406848
672905
511046
359442
989741
918247
408034
296256
970290
803507
532239
348132
490113
250775
864628
-1